1511.00561
1612.00593
1706.02413
1707.03167
1709.05424
1710.10196
1805.08700
1812.04948
1904.08775
1904.08889
1907.01341
1907.05600
2004.02147
2006.11239
2010.02502
2010.11929
2102.12092
2103.13413
2104.14294
2105.01601
2105.15203
2106.08254
2108.05997
2110.05830
2112.01527
2112.10752
2204.00987
2205.11487
2206.02777
2206.04670
2206.10552
2209.03003
2209.03076
2211.06220
2212.09748
2301.00808
2302.05543
2302.12288
2303.01469
2303.05499
2303.11331
2303.13679
2303.15389
2304.02643
2304.07193
2304.11758
2304.14746
2305.00000
2305.13077
2307.10984
2307.13215
2308.03060
2310.06848
2311.08655
2311.11700
2311.15127
2312.00109
2312.02981
2312.10035
2312.12337
2312.14132
2401.01339
2401.10891
2401.14159
2402.03246
2402.05054
2402.15687
2403.09236
2403.11460
2403.14627
2403.16095
2404.02900
2404.19702
2405.04311
2405.05702
2405.10314
2405.14793
2405.17251
2406.06526
2406.09414
2406.17074
2406.18524
2406.18533
2407.02034
2407.02598
2407.07860
2407.08447
2407.16988
2408.00714
2408.01427
2408.06072
2408.16760
2409.01595
2409.06765
2409.12518
2409.12753
2409.19405
2410.00000
2410.00486
2410.02073
2410.02103
2410.03825
2410.05111
2410.11236
2410.12781
2410.13571
2410.13862
2410.19151
2410.24207
2411.04928
2411.08279
2411.10722
2411.11252
2411.15355
2411.16816
2411.16877
2411.19278
2411.19548
2412.01217
2412.01506
2412.01718
2412.03603
2412.06777
2412.12096
2412.13188
2412.13547
2412.16604
2412.17378
2501.00601
2501.00602
2501.03575
2501.05242
2501.08286
2501.13928
2501.13971
2502.14931
2503.01646
2503.01774
2503.03751
2503.08317
2503.10625
2503.11651
2503.14075
2503.15875
2503.19755
2503.20168
2503.21104
2503.23162
2503.23671
2504.03886
2504.12799
2504.19409
2505.00000
2505.05591
2505.09915
2505.15298
2505.17358
2505.22421
2505.23716
2505.23734
2506.00992
2506.07136
2506.07497
2506.08052
2506.09479
2506.09534
2506.23854
2507.00603
2507.02546
2507.02948
2507.04599
2507.08136
2507.12462
2507.13347
2507.14501
2507.22342
2508.03077
2508.03118
2508.07003
2508.09158
2508.10934
2508.15529
2508.20762
2509.06690
2509.13414
2509.13769
2509.14084
2509.16500
2509.19296
2509.20843
2509.21967
2509.22799
2509.23402
2509.26012
2510.07316
2510.08575
2510.11473
2510.12282
2510.18341
2510.19195
2510.24734
2511.04595
2511.04951
2511.08923
2511.10647
2511.12304
2511.22187
